%%MatrixMarket matrix array real general
% 
% This is a model file of Train_features,
%    generated by l1_logreg_train ver.0.8.2
% Contents of model:
%    entry   1   : intercept
%    entries 2..m: coefficients
% 
97 1
-9.192348204486810e-01
-2.656384577100235e-05
-4.080322966692824e-05
 0.000000000000000e+00
 0.000000000000000e+00
 0.000000000000000e+00
 0.000000000000000e+00
 0.000000000000000e+00
 0.000000000000000e+00
 0.000000000000000e+00
 0.000000000000000e+00
 7.914609913386634e-05
 0.000000000000000e+00
 1.130024721972084e-04
 0.000000000000000e+00
 0.000000000000000e+00
 2.250528818683251e-05
 0.000000000000000e+00
 1.160028678680625e-04
 4.241971465443798e-05
 0.000000000000000e+00
 0.000000000000000e+00
 0.000000000000000e+00
-2.580374963062331e-05
-7.516228709936690e-05
 0.000000000000000e+00
 0.000000000000000e+00
 0.000000000000000e+00
-1.890663542394470e-07
-1.252458917454113e-05
 0.000000000000000e+00
 0.000000000000000e+00
 7.099587155465800e-05
-7.088905559579887e-05
 0.000000000000000e+00
 0.000000000000000e+00
-1.155133589870448e-04
 0.000000000000000e+00
 0.000000000000000e+00
 0.000000000000000e+00
 0.000000000000000e+00
-1.102418751858152e-04
 0.000000000000000e+00
 0.000000000000000e+00
-1.616012569778498e-04
 0.000000000000000e+00
 5.851326076931315e-05
 0.000000000000000e+00
 0.000000000000000e+00
 0.000000000000000e+00
 0.000000000000000e+00
 1.634097427534969e-04
 0.000000000000000e+00
 1.960113236478729e-04
 0.000000000000000e+00
 8.142525959278276e-05
 0.000000000000000e+00
 0.000000000000000e+00
 0.000000000000000e+00
 0.000000000000000e+00
 0.000000000000000e+00
 0.000000000000000e+00
 2.759954625321602e-04
 0.000000000000000e+00
 0.000000000000000e+00
 1.289458807831289e-04
 9.436151093460033e-05
 3.234955076105763e-05
 2.622810622723864e-04
 1.802564404666913e-05
 0.000000000000000e+00
 1.414931273071741e-04
 0.000000000000000e+00
 0.000000000000000e+00
 6.585451900299927e-05
 0.000000000000000e+00
 0.000000000000000e+00
 0.000000000000000e+00
 0.000000000000000e+00
 0.000000000000000e+00
 0.000000000000000e+00
 0.000000000000000e+00
 0.000000000000000e+00
-2.048614985884203e-04
 0.000000000000000e+00
-6.553744486421421e-05
-1.287137711229879e-04
 0.000000000000000e+00
-3.377888789974704e-04
-8.923830418680378e-06
-1.803761174361126e-04
 0.000000000000000e+00
-2.758264062429171e-04
-2.229288450981128e-04
 0.000000000000000e+00
-7.650432915189346e-05
-2.822420232554814e-05
